0.0417271 0.0790904 -0.00474302 
0.0440483 0.0730499 -0.0151805 
0.0423512 0.0711744 -0.00911633 
0.0430099 0.0699386 -0.0134745 
0.047952 0.0731556 -0.00908651 
0.0488912 0.0725575 -0.0106543 
0.0452317 0.0699975 -0.0128579 
0.0474991 0.0745125 -0.0126526 
0.048489 0.0718969 -0.0116047 
0.0479244 0.0744608 -0.00969827 
0.0475429 0.0674439 -0.0162237 
0.0496018 0.0698032 -0.00811399 
0.0460242 0.0750879 -0.0151045 
0.0525862 0.0737421 -0.0103468 
0.0494857 0.0703729 -0.00998967 
0.0516259 0.0734663 -0.0121137 
0.053654 0.0750929 -0.00936528 
0.049716 0.0716699 -0.012649 
0.049294 0.073715 -0.0129292 
0.0504351 0.0741544 -0.0119167 
0.0465359 0.0751034 -0.00762263 
0.0550739 0.0724141 -0.0114329 
0.0470611 0.0741887 -0.00952556 
0.0479064 0.0711764 -0.0127743 
0.048433 0.0726082 -0.0124593 
0.0510472 0.0688858 -0.00881898 
0.0509357 0.0730469 -0.00890881 
0.0498703 0.0689383 -0.0162517 
0.0486285 0.0744825 -0.0120335 
