1725517504.217473
1725517517.3174703
1725517524.1173053
1725517524.9181786
1725517525.7182815
1725517526.5179491
1725517527.2182498
1725517527.9181311
1725517528.7180562
1725517529.4181254
1725517530.2178421
1725517531.0178866
1725517531.8179142
1725517532.5180776
1725517533.2174726
1725517533.9179945
1725517534.6179707
1725517535.3178561
1725517536.0139041
1725517536.7178667
1725517537.4178071
1725517538.1178906
1725517538.8178871
1725517539.4178979
1725517540.0177348
1725517540.6178637
1725517541.3176804
1725517541.9186478
1725517542.6178381
1725517543.3177009
1725517544.0177817
1725517544.7177763
1725517545.4177294
1725517546.1165602
1725517546.8186586
1725517547.5176492
1725517548.317662
1725517549.1174893
1725517550.0175884
1725517550.7176023
1725517551.417588
1725517552.1174235
1725517552.8175471
1725517553.5175376
1725517554.2174928
1725517554.9191642
1725517555.6221321
1725517556.3174376
1725517557.0173748
1725517557.8172822
1725517558.5174224
1725517559.2173176
1725517560.0173433
1725517560.7174315
1725517561.5174313
1725517562.3174827
1725517563.1172888
1725517563.9173713
1725517564.7173972
1725517565.5174351
1725517566.3173096
1725517567.1186361
1725517568.017231
1725517568.9172847
1725517569.7171388
1725517570.5152199
1725517571.4169919
1725517573.1170654
1725517573.3177955
1725517573.5177686
1725517573.7173662
1725517573.9177718
1725517574.1171942
1725517574.3227251
1725517575.2178993
1725517575.5173442
1725517577.2171152
1725517578.0191357
1725517579.6173859
1725517579.9172821
1725517580.1171861
1725517580.3177152
1725517580.5176787
1725517580.7173645
1725517580.9177589
1725517581.117769
1725517581.3176248
1725517581.5176513
1725517581.7174218
1725517581.9175868
1725517582.2172663
1725517584.7175903
1725517585.6176054
1725517586.4185438
1725517587.1174457
1725517587.9174607
1725517588.6175683
1725517589.4174099
1725517590.3191824
1725517591.2184098
1725517592.0174317
1725517592.7183619
1725517593.4173775
1725517594.218323
1725517595.1191812
1725517595.9183321
1725517596.617414
1725517597.4182179
1725517598.7174234
1725517600.2191508
1725517600.8161259
1725517601.418108
1725517601.9181457
1725517602.6169
1725517603.3181753
1725517603.9181638
1725517604.5181222
1725517605.0176463
1725517605.6181591
1725517606.1178973
1725517606.7181411
1725517607.3179977
1725517607.9179347
1725517608.518064
1725517609.117955
1725517609.7179341
1725517610.4180708
1725517611.117775
1725517613.8179405
1725517614.5181522
1725517615.017746
1725517615.5146513
1725517616.0177193
1725517616.617897
1725517617.2177925
1725517617.8177035
1725517618.419152
1725517619.0177352
1725517619.6176651
1725517620.2176993
1725517620.7176306
1725517621.2164083
1725517621.7176232
1725517622.3162401
1725517622.8176906
1725517623.4185112
1725517624.0176671
1725517624.6175382
1725517625.217519
1725517625.8175368
1725517626.4176145
1725517627.0175133
1725517627.7175648
1725517629.6173892
1725517640.9172971
1725517653.3173492
